{
 "cells": [
  {
   "cell_type": "code",
   "execution_count": 29,
   "id": "e346d7a8-67d9-4b6d-a299-83426e711014",
   "metadata": {},
   "outputs": [
    {
     "data": {
      "text/plain": [
       "array([[ 2000.,    40.,   365.,  3121.,  4241., 13621.],\n",
       "       [ 2000.,    40.,   365.,  3061.,  4171., 15041.],\n",
       "       [ 1000.,    40.,   365.,  2160.,  3280., 15340.],\n",
       "       ...,\n",
       "       [ 2000.,    40.,   365.,  4201.,  5001., 16600.],\n",
       "       [ 1000.,    40.,   365.,  2080.,  3320., 15600.],\n",
       "       [ 2000.,    40.,   365.,  4601.,  4601., 16600.]])"
      ]
     },
     "execution_count": 29,
     "metadata": {},
     "output_type": "execute_result"
    }
   ],
   "source": [
    "import numpy as np\n",
    "company_data_numeric=np.loadtxt(\"Lending-company-Numeric.csv\",delimiter=\",\")\n",
    "company_data_numeric"
   ]
  },
  {
   "cell_type": "code",
   "execution_count": 31,
   "id": "d0686421-70f1-4fd7-8281-77e8215ddb21",
   "metadata": {},
   "outputs": [
    {
     "data": {
      "text/plain": [
       "array([[   40.,   365.,  2000.,  3121.,  4241., 13621.],\n",
       "       [   40.,   365.,  2000.,  3061.,  4171., 15041.],\n",
       "       [   40.,   365.,  1000.,  2160.,  3280., 15340.],\n",
       "       ...,\n",
       "       [   40.,   365.,  2000.,  4201.,  5001., 16600.],\n",
       "       [   40.,   365.,  1000.,  2080.,  3320., 15600.],\n",
       "       [   40.,   365.,  2000.,  4601.,  4601., 16600.]])"
      ]
     },
     "execution_count": 31,
     "metadata": {},
     "output_type": "execute_result"
    }
   ],
   "source": [
    "\n",
    "np.sort(company_data_numeric)\n"
   ]
  },
  {
   "cell_type": "code",
   "execution_count": 33,
   "id": "4ce381f9-dd4f-48f9-b693-3b35717baeb5",
   "metadata": {},
   "outputs": [
    {
     "data": {
      "text/plain": [
       "array([[ 1000.,    35.,   365., -2870., -2870.,  -350.],\n",
       "       [ 1000.,    35.,   365., -2550., -2100.,   150.],\n",
       "       [ 1000.,    35.,   365., -2450., -2000.,  1100.],\n",
       "       ...,\n",
       "       [ 9000.,   125.,   365., 16751., 18751., 54625.],\n",
       "       [ 9000.,   165.,   365., 17650., 20001., 54625.],\n",
       "       [ 9000.,   165.,   365., 19001., 22001., 64001.]])"
      ]
     },
     "execution_count": 33,
     "metadata": {},
     "output_type": "execute_result"
    }
   ],
   "source": [
    "np.sort(company_data_numeric,axis=0)"
   ]
  },
  {
   "cell_type": "code",
   "execution_count": 35,
   "id": "04d5062a-3acf-41c0-b125-f1b9735f5175",
   "metadata": {},
   "outputs": [],
   "source": [
    "np.set_printoptions(suppress=True)"
   ]
  },
  {
   "cell_type": "code",
   "execution_count": 37,
   "id": "4a47e174-9fe3-41cc-a3d3-be43e12eb24c",
   "metadata": {},
   "outputs": [
    {
     "data": {
      "text/plain": [
       "array([[ 1000.,    35.,   365., -2870., -2870.,  -350.],\n",
       "       [ 1000.,    35.,   365., -2550., -2100.,   150.],\n",
       "       [ 1000.,    35.,   365., -2450., -2000.,  1100.],\n",
       "       ...,\n",
       "       [ 9000.,   125.,   365., 16751., 18751., 54625.],\n",
       "       [ 9000.,   165.,   365., 17650., 20001., 54625.],\n",
       "       [ 9000.,   165.,   365., 19001., 22001., 64001.]])"
      ]
     },
     "execution_count": 37,
     "metadata": {},
     "output_type": "execute_result"
    }
   ],
   "source": [
    "np.sort(company_data_numeric,axis=0)"
   ]
  },
  {
   "cell_type": "code",
   "execution_count": 39,
   "id": "d1fa13e7-f3c3-41a1-9deb-01b81ddb5c4b",
   "metadata": {},
   "outputs": [
    {
     "data": {
      "text/plain": [
       "array([[13621.,  4241.,  3121.,  2000.,   365.,    40.],\n",
       "       [15041.,  4171.,  3061.,  2000.,   365.,    40.],\n",
       "       [15340.,  3280.,  2160.,  1000.,   365.,    40.],\n",
       "       ...,\n",
       "       [16600.,  5001.,  4201.,  2000.,   365.,    40.],\n",
       "       [15600.,  3320.,  2080.,  1000.,   365.,    40.],\n",
       "       [16600.,  4601.,  4601.,  2000.,   365.,    40.]])"
      ]
     },
     "execution_count": 39,
     "metadata": {},
     "output_type": "execute_result"
    }
   ],
   "source": [
    "-np.sort(-company_data_numeric)"
   ]
  },
  {
   "cell_type": "code",
   "execution_count": 41,
   "id": "9efcfe1b-5132-4f2c-9c7c-ba16e90aa56b",
   "metadata": {},
   "outputs": [
    {
     "data": {
      "text/plain": [
       "array([-2870., -2550., -2450., ..., 16751., 17650., 19001.])"
      ]
     },
     "execution_count": 41,
     "metadata": {},
     "output_type": "execute_result"
    }
   ],
   "source": [
    "np.sort(company_data_numeric[:,3])"
   ]
  },
  {
   "cell_type": "code",
   "execution_count": 43,
   "id": "0c061b01-152e-434a-86c0-960e591629d9",
   "metadata": {},
   "outputs": [],
   "source": [
    "#ways to sort a column of the array in place \n",
    "company_data_numeric[:,3]=np.sort(company_data_numeric[:,3])\n",
    "company_data_numeric[:,3].sort()"
   ]
  },
  {
   "cell_type": "code",
   "execution_count": 51,
   "id": "c32a8671-370a-4916-ab5b-d6e9515da729",
   "metadata": {},
   "outputs": [],
   "source": [
    "#sorting the entire array in place \n",
    "company_data_numeric.sort(axis=0)"
   ]
  },
  {
   "cell_type": "code",
   "execution_count": 53,
   "id": "015dd655-2635-47cd-a542-7e4bd0dbfcb0",
   "metadata": {},
   "outputs": [
    {
     "data": {
      "text/plain": [
       "array([[ 1000.,    35.,   365., -2870., -2870.,  -350.],\n",
       "       [ 1000.,    35.,   365., -2550., -2100.,   150.],\n",
       "       [ 1000.,    35.,   365., -2450., -2000.,  1100.],\n",
       "       ...,\n",
       "       [ 9000.,   125.,   365., 16751., 18751., 54625.],\n",
       "       [ 9000.,   165.,   365., 17650., 20001., 54625.],\n",
       "       [ 9000.,   165.,   365., 19001., 22001., 64001.]])"
      ]
     },
     "execution_count": 53,
     "metadata": {},
     "output_type": "execute_result"
    }
   ],
   "source": [
    "company_data_numeric"
   ]
  }
 ],
 "metadata": {
  "kernelspec": {
   "display_name": "Python 3 (ipykernel)",
   "language": "python",
   "name": "python3"
  },
  "language_info": {
   "codemirror_mode": {
    "name": "ipython",
    "version": 3
   },
   "file_extension": ".py",
   "mimetype": "text/x-python",
   "name": "python",
   "nbconvert_exporter": "python",
   "pygments_lexer": "ipython3",
   "version": "3.12.3"
  }
 },
 "nbformat": 4,
 "nbformat_minor": 5
}
